1,136215 0,4219729 1,136908 
3,733144 2,534886 3,264641 
21,04391 5,866975 37,47902 
9,536508 9,096812 -18,8625 

0,6264899 0,8056932 0,5061063 
3,197107 3,889887 4,511172 
45 40,71527 27,97834 
6,080072 24,64236 -0,6809638 

0,3149084 0,5479334 0,4618511 
3,757833 2,700202 3,260819 
33,22743 32,16554 21,99346 
7,670403 -20,04457 0,2997692 

0,7289326 0 1,061607 
4,338188 1,225305 6,161235 
23,16515 32,58841 19,52634 
-6,426657 3,33767 9,765159 

1,256873 0,8979695 0,1940993 
0,9521962 5,029089 0,8607948 
38,87577 31,32428 19,28235 
2,511358 24,94809 11,60975 

0,3445736 1,5 1,5 
6,283185 3,040364 1,128328 
3,209646 40,159 2,027632 
-11,25 -23,04614 5,780667 

