0,2571872 0,7429081 1,175038 
6,119473 2,484705 0,5610992 
36,21165 23,01449 5,32926 
2,290989 -26,14864 -24,20501 

0,7612704 1,255785 0,1365784 
2,734557 5,256056 1,338657 
24,12528 17,20796 7,797541 
-0,2579403 -21,46312 -26,3228 

1,215117 0,7525909 0,3423377 
2,407042 3,759274 1,969934 
6,617846 8,329578 35,83368 
23,52297 -11,52298 -6,837083 

1,320412 1,204163 1,444892 
2,418028 2,692643 0,7339904 
41,69789 22,88108 20,03757 
-2,190865 10,35989 -12,71858 

1,062918 0,1126049 1,116892 
3,935278 5,912992 2,393903 
25,89199 44,29119 36,89423 
7,222164 22,70866 2,31851 

0,5186697 0,02058828 0,909273 
0,7447769 2,477708 4,143596 
7,994678 32,01485 13,57569 
-20,52748 -15,23887 15,0724 

